10
 563.51   11.12 -115.07 -176.47   -7.42   -8.67 -130.54    4.11 -182.33  -72.03 
 -20.83  587.89   62.30  -89.43  -34.80   22.30   16.50   45.71  -73.92  -96.75 
-143.31  -64.65  548.68  -89.91  -11.80  -70.26 -190.74  -97.47  -55.15  -52.43 
-143.27  -82.20  -37.03  836.91 -125.68    0.24  -55.66 -166.73 -144.43  -15.93 
 109.85   49.67    8.59   90.40  385.14  159.26   57.38   79.48   31.02  113.21 
   4.65  -71.82  -83.46  -67.90  -33.35  536.18  -36.27   -8.50   -6.07 -141.73 
  61.63   39.61   93.41   29.16   91.95  -56.74  644.84  110.88   52.83  -53.60 
 -20.19 -139.16  -13.75 -101.69   18.85  -18.00  -12.56  691.84  -85.19    9.27 
 -17.16  101.37   49.49   61.60   -9.84  -28.84   45.49   76.68  767.69  -32.66 
 -19.09   -0.33   71.31  -53.35  -34.61   82.17   67.00   -9.33  -82.23  632.33 
49.60
-63.09
-86.68
-36.16
-10.07
87.37
83.44
-17.37
17.59
32.19   
